2000 2000
1516 11 865993
826 1282 320717
1130 124 62404
912 1602 48160
898 445 354937
1232 1709 350855
1284 1790 914280
501 1774 229880
1663 248 856832
197 166 952673
1372 667 399003
1722 177 350531
1818 1422 39018
1911 1108 887580
1056 151 916321
1716 1674 722286
371 201 527195
694 1094 158381
1299 890 92766
1317 294 653484
1980 881 650324
1367 481 957076
1852 928 228903
828 446 891033
1427 1111 48087
224 540 829238
660 836 480453
963 878 372968
930 1457 123945
395 823 315152
398 555 681788
147 159 263239
25 230 424862
1844 851 392256
1117 1109 150646
1706 1226 530417
1999 307 805738
54 974 45639
912 1094 693736
1635 1636 931245
1272 1099 408009
261 667 339797
967 1694 597640
1031 143 707263
309 897 39084
969 687 341599
1636 1445 859042
799 1781 807728
1403 651 49142
1319 1288 673690
1481 1238 985471
1437 1279 504468
147 1324 441258
1340 20 209015
1592 987 615424
1522 947 589572
407 1729 536297
1146 286 603459
857 715 239770
1852 380 662459
991 1635 546656
1410 541 342794
452 864 284363
386 851 760967
1033 1671 629142
258 601 919133
1764 1951 779603
216 1717 174884
1188 684 789599
791 324 911635
1615 914 111450
1030 334 565773
1727 123 558171
334 569 241444
1673 153 529572
1332 1593 519427
429 221 232487
574 931 551562
1427 1414 362777
984 972 40433
547 320 954473
231 1864 57913
1796 1970 797399
338 308 260140
1000 1026 723865
1853 580 702005
892 732 626480
80 680 131999
747 60 23255
239 1284 671156
1648 1555 993941
42 1167 347012
1355 1532 792794
932 18 389955
387 607 376572
1468 1716 798298
1011 516 929604
443 466 473001
1702 1048 774761
1039 1318 866553
995 151 433239
1109 1832 858717
630 1512 239436
1330 1627 821716
437 1473 399321
126 1896 397653
184 1327 971128
1130 1558 682426
264 1095 437322
735 1257 195878
835 1377 807109
831 16 120265
760 281 856452
1783 18 587758
1431 1977 761846
1560 1799 55821
563 16 402662
1697 1502 499173
1326 299 135031
1386 1273 595361
402 778 43186
793 957 964390
452 624 512235
606 1375 472049
842 1516 735386
912 194 624454
1835 1214 206457
838 1873 837008
952 899 661116
59 763 530130
526 1784 283699
1791 1541 22803
288 211 657487
829 1227 507942
204 1053 927084
522 887 397326
610 81 539088
1701 403 491042
1452 162 598018
909 1451 369970
1498 90 684527
196 1359 161788
1981 1043 140568
354 935 562880
1527 1427 425307
1097 764 270591
1910 1005 403699
1491 1784 600899
180 1097 876387
1586 1353 983094
143 301 616520
566 235 348873
1943 141 801566
23 1364 25058
1255 40 439292
1832 783 504757
896 112 334073
1919 1876 942390
1089 1112 489397
693 864 90121
289 1567 528229
1539 945 949593
810 99 934823
1088 1961 744406
1523 1348 916867
1809 1940 814204
1572 299 677749
1133 726 84356
1863 197 965626
318 597 668117
1581 479 557299
82 1321 759251
1230 950 337875
1916 548 586323
1236 270 731393
1308 415 215520
1855 230 654929
1693 138 633615
204 1869 996172
1133 53 178864
453 1440 602997
1088 1543 455197
79 1968 320844
1628 191 208379
1391 1705 789629
1173 970 471878
1919 587 439966
1232 1779 547108
100 1528 137125
301 1484 336746
930 1720 637433
696 1249 418030
1074 1264 806528
1326 1119 912103
281 585 2906
943 1291 366949
1762 1210 449908
1103 582 508976
1616 1590 453051
404 61 838291
1981 1767 61386
492 1561 588923
1182 487 769776
1270 458 498625
373 850 404148
1901 1829 102874
568 1356 55450
1979 1012 428332
651 1387 744800
1280 2 815232
706 2 40269
1620 1949 717906
237 1950 546938
1471 1119 578553
38 535 440092
1234 1786 792124
41 1389 19868
196 1065 764188
77 1732 748733
1130 1638 502116
132 1701 458031
1307 1440 532609
13 41 415997
1265 1054 358398
966 206 12893
1633 1237 612133
1762 254 369688
1869 1679 468680
1845 1110 859467
1182 1274 62811
344 1235 802565
1821 754 786985
994 1825 819200
1609 1781 549927
154 1148 525511
1158 1188 952962
1605 825 368970
269 635 521097
1955 666 162091
273 1333 899867
702 1489 306349
394 353 902069
1537 835 525268
786 1065 112866
1188 1272 879789
1980 216 601461
1008 1831 612958
112 698 604473
1027 1329 129176
725 241 208604
894 1887 717259
414 421 92237
1216 296 420371
1505 1691 291848
623 736 3178
209 1451 293114
178 863 265862
256 1248 863133
1356 576 655249
567 28 321602
1743 1650 205389
1096 1322 209452
526 1987 879808
1916 1210 716377
67 1301 562226
1860 1181 913171
606 1753 930979
1665 1630 822532
1735 1612 82019
1882 999 883152
805 1719 971758
770 411 447651
1789 453 769455
663 1415 86693
1564 358 219258
1784 1580 403636
102 1240 763621
1018 615 759741
53 1419 850832
1473 201 930488
1296 1283 682472
734 318 134032
1428 835 946123
269 1706 437744
430 774 296353
1099 181 708332
665 725 106435
38 1758 573537
260 1594 239815
1893 1535 646227
1319 1786 42014
520 1280 686171
179 401 956256
1888 1121 228229
1716 853 63398
1695 939 948276
241 96 668750
441 1729 204434
1166 202 991195
1757 813 316858
219 1479 336094
1985 546 425892
1544 1711 869183
374 358 495194
1836 880 877700
648 1782 177455
930 590 247788
1941 24 293699
1152 1935 225085
1687 1437 662599
370 777 48993
855 603 616208
1769 108 815724
242 1173 818733
1129 1034 334723
842 1325 321098
1025 519 713892
1695 1914 687665
474 61 949423
1322 1304 448034
1826 1861 456596
224 1252 827288
481 44 142776
951 137 800040
838 1831 889436
324 345 633628
796 150 417005
1297 1166 410788
1179 1668 230944
512 1555 107494
316 185 307989
334 620 712753
877 93 994494
791 414 552490
202 1125 35037
525 1059 254813
760 1464 893823
1977 115 62752
836 1163 969394
968 1216 797666
1789 814 182048
1250 529 878520
709 932 300885
1954 84 252320
1929 1175 7243
1992 238 475983
282 1898 473880
1807 1118 643434
1270 1580 570135
210 1525 347630
972 1360 74916
1933 1931 316036
1070 720 71553
1042 788 662000
1541 643 367301
261 1131 359851
1953 371 528285
1915 221 798908
282 363 888225
1035 985 28325
1601 154 490594
867 457 886440
1569 1661 627108
618 369 887117
667 140 32851
815 1706 74361
602 1596 946742
1175 1992 42945
757 1016 127836
953 1590 51051
1010 1916 165243
561 1003 202009
257 649 882388
1627 1747 258702
307 1752 948844
1816 1361 825548
415 477 288253
733 1692 997406
1288 828 963786
1479 1829 706285
84 992 354709
249 1027 773334
577 1972 113997
855 1215 740342
1922 1193 209146
706 530 639021
1552 1254 305872
1138 383 978608
1068 523 557400
461 701 428629
919 1482 298772
932 689 587278
1013 391 576679
446 1348 241088
975 876 227337
999 279 7026
1069 946 373475
1699 424 978834
1142 505 221131
1650 1976 615355
554 1390 835777
771 352 867324
473 1034 691593
1355 1897 530099
557 1646 119431
1935 1844 609276
439 510 335168
30 1124 136526
1253 851 759652
366 1274 531994
858 1641 395094
561 1254 263636
1626 879 378195
1495 1071 976113
823 186 549626
1642 1438 917574
668 731 642707
966 1447 720128
1484 1649 553778
469 1460 360956
1021 1136 956389
170 657 784402
1434 1480 61260
1369 163 38990
118 42 433837
1579 1462 463031
1911 558 197274
833 1346 682605
960 1975 162367
96 667 640260
284 263 874295
1163 1016 367255
969 694 645091
1170 1239 696128
1282 648 639330
1883 1168 99037
1161 965 942923
1883 1711 733664
309 327 937050
377 1383 608435
1419 1359 551343
465 1085 212498
689 1522 49987
1209 1172 32006
1484 1794 358921
1454 442 438525
1882 377 28152
515 1777 798744
1906 757 892288
599 793 541990
1465 1617 469355
1763 938 662009
666 1786 145811
1209 671 976915
1021 610 768270
206 1462 988642
531 317 565187
1770 954 609801
1598 105 177851
520 304 773406
139 580 141205
1563 480 995006
621 1204 786063
1234 1467 721022
1201 584 853207
1189 1468 347576
237 1713 183355
1449 595 412208
123 388 716496
181 1858 308966
1059 895 231633
802 456 237235
1213 1761 990017
1400 1616 414737
28 1849 498898
867 1163 552859
715 211 607752
956 75 535456
1405 59 991095
313 868 99025
1547 973 677291
1334 297 40772
886 1634 185834
724 1198 624494
1759 776 775517
895 1227 715892
1591 554 748122
1351 1068 761563
68 2 696220
256 201 701356
577 618 965677
819 1560 284214
12 311 883557
1807 593 547431
1261 1876 576467
1336 1166 828113
250 1396 169448
1421 1611 215513
1536 975 563597
1234 753 967658
1639 1108 339873
919 66 815105
873 1490 488990
626 1645 414508
1455 421 386120
691 1767 151358
1321 1130 569239
1619 1812 246207
1688 1897 10782
1547 1958 276436
465 1341 304817
1054 1016 269777
209 1762 237914
923 1650 265770
925 1756 600003
709 1617 708328
891 1840 219715
674 609 762054
1945 369 865068
928 202 937008
716 588 385683
1883 698 34042
901 1347 768013
230 10 609911
1471 1578 413821
1782 37 254330
368 1650 717526
1776 1004 983268
1423 461 648157
1334 1182 272754
583 753 79438
489 534 407
874 365 48473
1646 1196 341904
1955 1273 579115
1962 1475 642076
390 1285 60168
1649 765 233305
125 445 310781
822 891 434957
1464 1304 791033
1425 1733 120776
679 182 908650
1993 567 814533
1586 901 283152
27 1325 234272
647 899 204894
1371 1716 261913
1207 424 229439
1835 1642 272345
331 826 164497
54 212 454784
1321 450 752842
43 790 391202
1694 533 152002
1062 1458 972252
1009 305 719387
758 246 158576
969 1801 592045
1370 1227 122554
42 327 62028
977 1499 165668
43 1608 696791
1654 1374 291056
1246 1566 99199
917 1273 111358
679 863 560316
138 1888 988345
1623 823 445713
961 774 877520
1783 802 491077
1592 1913 795852
20 1823 969105
1357 1624 218720
257 151 147129
889 1261 575912
1923 1405 664621
1294 1259 278852
1400 1962 185175
623 1991 458660
1560 1807 131186
617 1214 101757
908 1610 435137
297 925 695185
1100 528 513642
618 1317 789332
1206 1293 368814
726 1047 969555
342 254 935561
1974 154 563405
1650 1475 515185
1479 778 226651
350 1471 857639
1934 215 619473
1473 1674 235557
782 1841 555124
1197 1530 911182
146 765 345757
642 1921 267083
546 1669 420868
126 1330 622990
564 153 209043
991 231 663901
581 450 160964
910 948 734250
1361 1345 701619
1781 603 575687
405 1306 408433
1202 1316 343584
1936 1151 570858
1465 151 412197
731 976 888088
1405 1755 844561
418 1018 639669
40 1155 861516
946 569 969666
581 1564 207965
553 493 13548
676 1185 147129
1795 445 702884
1029 171 349016
1439 396 879397
1469 1978 51124
1704 1203 957789
1492 163 129867
753 254 212869
825 1409 699970
395 204 30008
1336 1882 357233
991 533 409964
1723 1045 470782
616 842 784256
1842 1488 219653
425 1463 75988
431 778 164017
1301 425 372499
981 1140 425276
808 1511 109381
1272 1829 711508
1261 1500 117153
471 1555 697223
139 1008 73165
856 1048 508184
1598 1375 111998
1549 1072 445667
1669 342 940402
909 103 667646
545 79 971057
1778 31 489092
432 305 490271
265 1588 812313
1608 617 894056
10 1478 581174
893 556 404521
376 1302 102341
1835 91 172967
1456 920 126576
1233 1799 288095
225 18 798250
182 1489 410539
1347 1000 456319
1628 215 147752
534 525 312977
172 1468 313662
1004 505 935036
92 218 211827
1205 1973 378562
531 1385 957112
1591 1172 29750
1051 128 413115
1888 520 861189
1602 1945 648491
1357 269 699582
1157 148 843738
1327 716 283099
1018 1628 346330
451 1639 211858
934 1733 453706
668 1659 130530
340 1296 534354
916 283 419837
589 278 268669
1009 1952 23773
795 165 186537
1716 48 834277
1921 1950 901071
1460 1094 106294
1511 16 811737
1426 1394 718939
1721 992 643886
388 302 421966
1913 941 98928
1888 1745 967347
759 1697 869597
360 517 785761
1338 1341 965640
1653 384 299340
1112 855 887453
1859 736 657803
1167 841 281390
1201 1221 119285
762 1487 273766
59 521 749352
1861 1317 152737
770 597 757797
1994 301 469685
1888 594 869792
788 39 611736
1097 1251 494476
1032 657 887793
1056 220 896810
953 1368 45878
276 155 670049
1247 777 518028
684 93 702440
1384 1479 919130
348 1696 43424
1225 1494 8380
1135 512 781524
1632 221 28202
1977 1953 103880
298 1064 740160
485 1234 337211
1128 281 474181
976 1664 976546
173 840 576060
233 42 105700
1752 298 337793
188 1431 638529
1489 1828 960753
1993 564 564354
954 405 126318
506 122 313100
373 667 289900
681 1881 453921
1339 739 822065
1374 1463 87533
540 1829 333618
459 1845 460542
1058 1736 731552
978 1453 925139
223 351 626832
1554 679 416591
1093 19 596372
241 867 962716
1070 216 640424
1279 1982 441547
1577 600 586110
55 499 439384
517 1422 980514
1937 37 828678
1946 526 143148
1559 1091 470983
677 1513 945848
1389 168 757128
1909 390 796882
1765 937 813710
413 685 116012
72 411 758906
1637 715 592503
1367 1262 423140
96 943 931946
833 589 281660
1093 257 370017
860 1749 41117
1971 93 410604
891 413 65461
427 456 513015
1211 1274 340028
1735 1586 444358
1616 984 585739
445 1704 206861
524 1704 102429
776 1819 729487
969 1444 546434
1291 897 75122
1336 615 279065
1927 156 526295
827 521 6576
134 866 390983
1343 1140 971295
975 34 874099
1712 1885 892933
1485 337 1798
11 1149 100677
747 682 532813
1765 992 704302
1176 79 698831
6 1644 131522
709 1317 321481
233 1868 923946
1740 701 257487
487 1258 589687
1422 1070 295973
1536 1352 663402
1854 623 126759
603 1424 494632
1570 53 819542
262 1950 242231
1544 806 782429
1989 470 567567
1863 275 987220
626 962 616753
1042 1255 547348
614 1608 742890
1203 1807 314393
1506 483 805782
1767 985 829977
1184 89 699012
756 1618 26910
61 665 166737
6 1353 302047
1726 428 712797
1840 700 854382
654 112 822240
894 1514 159257
1983 897 391314
514 1757 432761
306 1970 70949
1643 1295 390935
901 384 882106
871 611 683160
1588 1704 289613
42 1713 259287
154 1263 309642
916 559 662285
1967 1161 169867
895 1817 87064
643 611 978017
450 1841 896376
1675 861 812783
1164 1127 875645
1081 544 624697
815 1507 35853
1418 582 833173
1254 1157 827183
1695 1588 551850
1985 972 657385
1935 1921 336306
61 1059 178466
1416 923 675504
1154 272 502476
1192 1805 575425
674 8 166397
1514 1865 897473
1978 150 205303
1874 1869 703761
1943 1960 193039
150 64 235381
1526 1378 501522
1011 117 869233
1897 1515 162114
1321 558 754392
1204 1157 596177
1065 1331 804676
638 1576 223475
340 1601 182975
1435 1250 507337
198 99 381304
853 194 705314
1710 872 980782
1581 1153 869541
448 637 48913
95 836 351603
897 1013 872754
386 1069 442275
1116 582 173003
1942 1797 93959
1911 1828 118962
1501 392 398432
302 1754 989570
1000 1802 436240
1515 1318 281098
1205 625 706647
432 1213 446229
1182 854 38535
1151 1865 882744
1523 879 103767
562 894 125546
237 578 996387
691 1973 451337
1917 41 863542
599 154 249312
514 490 487674
1996 1961 498922
452 1927 268893
1991 879 172009
1893 431 124187
1683 1562 31893
89 1990 640938
84 972 111341
466 571 197352
1834 1108 950639
258 556 562051
1630 157 85097
1842 619 971934
1272 1048 653322
1650 1162 422484
1625 194 31022
33 263 313275
1628 797 655354
709 310 939898
1283 1915 734415
1986 1440 344349
1872 198 116857
55 1704 849222
1508 96 554942
855 1903 61470
1905 817 657689
386 1714 62307
1353 633 790542
1526 599 870338
1821 1407 776855
396 1805 638815
1919 431 470708
392 985 930331
1 1487 83309
1619 783 429721
778 1218 853311
810 12 947748
1671 542 940206
522 880 224337
783 1791 445667
920 807 165147
590 1520 609640
581 1359 241060
1935 473 472330
1404 874 265136
1733 1428 362682
1525 857 914747
1943 1719 83560
1003 1963 631204
1088 1817 321213
1427 1399 895239
269 1703 909710
135 732 80664
375 105 405708
990 1509 303352
685 25 914342
1538 1027 781743
1959 1452 757292
1145 976 449751
1739 1159 799822
1450 810 19019
648 128 759598
635 1810 349723
1263 1156 104290
845 1027 57497
74 1736 224693
1538 821 202577
1949 769 634813
188 228 182693
1145 552 897936
1353 1869 884871
1078 1070 148848
1150 1471 443647
962 62 748469
1500 486 143102
451 1376 595132
1894 1464 476962
1182 772 253829
1819 741 699875
1066 322 840484
1418 136 909632
1577 1120 286697
1119 715 102786
1240 1845 52720
1346 423 280923
716 661 259787
1851 302 819179
1504 0 689808
1013 745 263350
1763 967 896990
670 1401 701417
962 509 358794
287 871 425113
500 1747 750879
1204 832 811871
1352 1459 745822
1869 1425 699278
422 1384 381786
1944 171 122275
892 1497 338710
938 1539 963906
1988 681 307747
1640 1993 217959
770 817 854781
1993 1027 888789
1798 563 936879
592 1645 332889
877 1704 647374
280 517 896101
380 473 104835
1107 1952 153481
259 1846 865126
250 1220 371550
1005 1447 205126
1052 1653 994901
526 208 866541
1673 1501 583427
1279 818 949347
1977 1223 482684
592 1384 486881
283 1286 303634
1235 30 863380
1627 4 673933
1435 576 279051
1033 283 982740
1821 946 851559
1260 323 692118
125 672 334187
1838 194 697700
428 460 507870
1479 1223 246484
755 1668 539483
1277 416 92320
152 1831 840217
1291 575 177603
645 1594 507377
1169 698 846957
397 1719 917807
871 1922 26661
834 1381 774219
1957 1861 912723
1944 783 775502
1307 1007 459130
1602 480 274126
809 813 864435
1479 1006 679514
0 557 584476
1933 1614 691132
1499 298 551992
989 1947 51733
315 133 649413
1868 1542 93763
508 923 395719
306 770 339144
1307 1951 34454
259 523 916803
35 1345 116835
733 424 187968
1385 71 167180
1461 1182 887283
616 838 388079
870 1526 216
1424 907 151542
953 1906 175114
1253 1506 888022
653 1566 469372
24 1902 150565
1076 34 163002
1520 172 793083
99 780 68016
1750 910 210322
1714 1923 205232
1790 254 966482
160 1116 940869
764 1378 233896
1016 120 547596
448 366 881276
1439 605 153630
177 1709 532296
672 1182 856297
1273 729 537354
40 992 700553
1933 456 8805
1838 1125 811191
1264 1070 69015
93 1741 713385
878 140 690812
455 580 998473
1992 1272 223552
1287 738 80908
719 949 393325
1953 1776 879854
1410 834 78895
1971 1562 72417
1540 1946 21872
663 932 112231
1909 1917 475333
1880 1245 145961
1502 118 231922
50 1263 543965
1772 384 106427
1343 204 951159
1323 1687 531178
1200 1145 753378
898 986 271115
1373 619 948957
1620 203 54997
963 764 337323
1557 942 607607
1628 624 685572
839 1585 979676
733 1944 241076
1388 1464 687589
1882 648 460451
232 897 198445
1940 1585 265591
146 1929 153923
641 945 748418
1477 619 596477
1272 1514 254354
648 1813 789715
400 1006 116513
1616 1250 782202
380 1747 420521
609 717 333108
673 388 125058
1300 1924 364254
1884 1247 638303
440 1763 628378
1752 1392 331447
30 1453 308827
1319 697 643683
134 1726 690437
1286 977 334798
689 325 729672
975 288 590951
148 1509 846718
781 1404 281764
387 831 475279
268 384 445697
1786 719 604723
1707 1570 433169
222 527 710953
1672 229 778287
987 166 259969
1719 88 792862
1883 963 183835
1143 677 422932
839 1803 870319
1595 461 871210
354 1208 237085
623 323 985225
1737 1656 515880
1136 1033 58902
327 1678 323047
237 164 817798
1027 747 383076
830 1339 156891
1796 1297 60154
1721 865 251707
1063 522 379117
1211 561 133431
1559 740 765303
252 750 48837
1038 1663 518756
267 445 658537
1959 1870 939104
1851 618 200569
576 155 173665
1190 563 882574
123 1327 188331
1569 610 176551
693 108 306960
852 531 194323
1756 544 887618
1104 1732 627489
1793 1596 947030
881 725 423657
1600 1176 622513
94 1243 971004
103 1746 546930
624 77 471110
357 668 830161
1196 1445 514418
175 1095 815042
1259 625 201513
730 996 446874
1001 1128 763247
867 1036 7357
1634 1727 198554
659 10 138394
497 789 71636
1547 1329 766413
1647 744 61914
577 821 305311
70 1870 675532
1469 1650 672556
390 321 2865
1079 730 504231
1934 596 560225
476 1787 774178
87 1976 34158
336 526 483204
1379 1226 513546
1696 809 834508
1894 14 153962
1951 1838 28442
1614 824 162231
1171 1757 519515
1957 375 84604
20 140 636510
1199 963 188779
1480 1008 964388
996 1581 281296
1799 1811 970893
1147 1782 853115
982 631 941291
448 1758 190583
1548 1919 796030
206 590 836186
1157 1287 125555
1157 1618 797569
1227 1178 880688
1079 1252 942064
885 1398 303062
1598 482 415494
1007 740 84116
1397 1072 756084
1096 1720 264485
475 227 762286
958 1970 173809
990 959 691846
1922 992 886711
962 1843 708883
1068 1681 657512
588 79 142712
47 1553 191048
249 443 25439
1975 1714 866744
659 658 136562
1638 1953 609161
1751 776 31471
201 680 927755
342 1124 337460
792 23 959287
266 699 550192
1680 1755 976072
420 6 533275
1506 1585 407772
758 1743 643496
1831 286 144892
578 1533 11831
308 1494 88086
1545 1593 105973
1966 420 451676
624 1952 256779
459 251 262357
234 1330 485780
1383 387 634791
890 1951 989428
372 985 327942
651 1835 944561
773 1908 66961
66 1182 200265
1187 1461 277177
1220 1202 518307
300 1709 614257
1388 471 791317
816 1055 591127
430 1285 730131
1154 955 850332
850 1750 233118
168 1672 806180
1356 1788 441290
322 582 846266
236 707 29814
1856 322 235329
1364 221 199777
1301 634 314397
837 59 718454
608 1274 610184
1735 1359 237963
998 332 236383
1651 562 419507
1835 723 227162
574 77 267854
1000 634 219438
1477 610 107539
1085 1136 634598
1013 1316 432949
885 609 195195
861 8 4520
500 1085 217162
426 651 308488
57 1741 757474
1153 492 444170
1161 1249 87813
224 1770 88894
1500 1930 525246
240 1229 436436
913 1922 860028
1282 907 933922
579 140 706109
247 1427 537710
904 1235 468910
1547 1391 24772
773 129 545103
1196 14 54281
1029 539 448287
1057 995 258709
39 822 693644
38 965 17672
1729 22 513695
1993 1819 588005
698 869 71240
1892 1849 883893
975 544 998389
1819 1339 458101
829 1490 585209
1625 1240 5368
1688 16 928272
1158 816 703458
170 506 433935
719 101 220818
1012 1235 281331
639 416 358828
1306 732 295392
676 1662 338335
575 1349 474896
107 77 426231
560 1802 377236
1433 1887 64214
1722 1231 655735
310 1495 638446
1621 994 662245
222 1739 893491
1240 1402 984959
1739 107 505447
252 1761 984566
790 596 54377
1185 1565 208794
1640 1365 136179
1092 1457 897486
1747 1728 541760
983 108 734630
1723 747 756172
144 1985 571239
471 1833 167985
1385 389 399701
1385 1536 233761
582 979 255134
36 606 135750
515 1244 621038
1324 1796 472549
461 1296 223447
1165 1909 789530
0 1949 62616
1484 1280 22952
966 1587 227366
468 755 768970
20 1298 378978
234 1345 21272
496 635 38697
462 1479 778741
1969 1390 576809
1397 966 890855
1792 1109 421636
1629 952 947043
1596 36 543973
622 523 180162
1824 1179 471208
172 976 971251
391 744 635086
1275 1800 210243
897 1314 862828
1509 510 433517
1411 1442 52667
56 879 414944
383 439 628391
659 139 382551
1414 1138 963422
811 371 105310
1302 1874 955748
1894 419 392355
878 98 378883
448 1090 73225
1577 1231 179673
330 492 876765
803 1037 654877
321 362 671515
807 1508 256429
1641 1 929515
52 1165 691321
1056 926 814845
1019 1940 989075
1686 1718 131269
1121 1410 562363
975 464 758729
540 1584 148401
163 1746 395520
811 158 158725
813 291 671507
1239 1222 478936
227 1635 763745
1617 516 955516
572 1686 24474
841 1631 588735
970 1413 618869
497 1625 465669
1138 503 954283
198 641 560423
683 1018 544034
123 260 91231
107 1760 865126
1749 1341 444755
1917 498 700533
708 1734 170866
1183 1099 892124
1404 1855 988050
182 88 162877
325 1846 918987
253 1999 789023
912 551 2169
1612 1709 798131
1578 337 990977
1015 400 715150
588 849 193418
975 1335 214234
88 1557 214981
1890 493 856416
1044 1883 795078
272 953 190668
1422 1611 821691
1614 1063 947579
1488 1186 170391
1528 326 579487
708 1246 618683
468 840 184101
564 1909 148733
1249 131 836673
1767 714 332302
912 1212 110458
153 1080 717089
291 1977 47480
1907 340 691353
1455 818 651820
951 1014 944465
1883 137 626085
67 692 644157
1122 746 686200
972 175 908079
1075 716 125420
356 873 555636
854 1926 432601
415 1074 168730
1482 1824 86026
1678 1566 36783
1935 338 922262
1048 1037 688485
906 1708 37789
145 1886 149986
1367 1025 155573
1643 1571 768087
1805 391 231678
984 1891 977088
197 1172 642907
1942 591 273094
1037 762 571680
421 217 895967
771 1200 376724
1556 1177 810848
786 1860 363956
659 1701 28992
313 696 509376
1216 493 737037
1507 1349 75269
1736 0 904764
767 1737 431830
258 1252 834864
550 169 999051
957 114 223149
670 1345 316327
605 1531 695028
1915 742 199560
374 1676 475655
971 366 133125
1528 1860 297904
1787 666 675051
938 1062 293371
133 333 106514
186 1768 713109
609 745 636328
1469 409 678990
1122 642 365478
604 718 371615
1444 1483 73526
471 1655 727412
1691 545 973774
908 393 540084
1529 708 34599
688 1993 876394
830 982 25093
178 1899 534466
914 625 748969
1769 1904 380948
1881 1647 883370
519 675 226760
640 134 178145
1166 1662 349053
1346 1839 9964
1679 1087 771126
756 226 26119
537 558 75082
339 359 942955
1009 1510 127893
704 694 480036
532 171 942336
1000 906 886529
518 50 14850
428 147 146373
959 355 311416
1161 303 782546
1947 782 670909
316 1584 486463
225 398 215821
182 190 774781
401 25 1271
1657 1800 777928
972 988 508016
1814 1108 600820
552 9 860767
1902 1129 229671
1197 25 926089
1309 1229 532110
698 1718 725025
369 176 558572
718 452 918728
470 1382 788110
476 1224 262546
1773 289 413568
1408 252 788049
54 965 911266
1550 954 794244
21 613 873533
1216 1955 767723
1545 123 307563
848 906 510620
1106 295 627093
1315 1336 437905
970 1991 930305
1739 1700 629983
907 1895 561221
931 248 42721
1900 509 271468
1295 1523 286539
1896 1912 450595
1925 1250 780420
300 1863 287981
1262 1076 93913
339 9 960119
1274 1098 540881
1163 1455 973712
1889 6 646318
1191 1357 676158
1605 388 785878
1288 1839 864945
383 1924 578373
446 1275 560068
1635 1278 276517
1503 1193 595751
576 1521 130868
595 1251 919236
1850 718 262313
1362 1350 697935
763 752 788097
1965 465 254679
1964 1381 521301
647 1360 539880
288 775 780451
543 1131 914585
598 167 98217
1006 1603 565076
804 687 755445
767 1847 470740
1556 70 90273
507 280 56121
1309 1314 710116
1855 434 372325
106 1593 264901
1974 65 324289
1518 1573 975198
1008 678 920752
1998 934 258753
483 1333 981010
1278 1583 610540
745 1928 436645
1290 237 306001
290 14 604319
623 570 291922
1278 363 204420
1041 154 724832
1230 798 238788
1411 123 513347
1630 968 560976
1184 1051 396900
1411 1040 234706
1685 135 649474
1439 1780 814222
472 1188 220751
1658 1953 141319
836 573 402141
1553 410 629450
1661 911 791465
111 1884 679109
1101 490 425067
915 457 248746
707 1796 527398
1496 420 599376
208 223 834803
1556 880 542318
1984 1817 971122
1698 762 650036
1225 1366 755280
1219 54 573601
1552 399 405617
980 478 901574
476 45 273225
837 32 665009
812 1506 499950
1908 1585 145937
1785 113 99773
1930 29 203298
1321 491 854131
1738 143 965687
1989 806 157607
155 657 694834
218 1726 197792
145 1766 626655
359 1604 332979
1831 927 279300
1050 1542 261822
1148 436 368445
1806 407 68504
407 1712 913983
881 289 228889
603 612 527588
485 749 652401
904 271 812097
1244 114 940671
1707 1354 346166
686 618 692415
629 1937 780959
178 767 819965
243 1938 233042
1621 155 907244
156 407 252072
535 820 68619
1512 1728 175795
1629 1785 780291
1590 1337 87476
1551 139 345436
665 1432 551383
636 491 753285
332 155 582964
1573 1074 717679
1677 147 199237
1481 1863 696028
1768 748 765794
406 238 137792
1083 939 364348
936 1293 459777
1034 655 694877
1150 699 663478
1857 1061 744121
543 410 329910
882 670 346537
1319 711 900770
1332 1067 122732
1552 662 417574
825 1633 948964
1134 202 306679
1017 1728 101794
913 1344 673228
1994 712 907352
1062 484 91799
1878 747 240987
182 1281 189031
199 1077 287604
922 1199 976189
78 434 80922
677 1269 597317
979 272 732289
1682 1376 912751
220 1241 149035
1817 795 753893
1592 768 824708
49 47 446337
158 408 260182
1299 1256 878921
1610 318 455280
1724 88 218524
636 710 417492
1652 1174 699481
783 1710 957633
152 449 423540
1835 314 687163
205 1943 845518
1486 1986 72226
1470 851 435808
5 105 11835
646 588 869138
1686 1429 637727
143 353 542005
469 1320 199881
638 430 867150
1897 292 92630
1267 564 22427
1513 1591 934806
1480 846 753793
591 459 117267
905 502 411614
784 940 142007
1888 513 143923
1221 1071 353595
944 670 956734
1097 1607 372469
1988 956 973100
1040 183 547744
1102 1577 155139
1997 1696 740085
918 367 754605
1476 1373 257164
257 1106 805839
627 1686 639178
1028 1952 243178
1011 1312 974371
760 1127 310084
1380 612 990691
495 525 858914
1804 1050 201210
734 1938 268217
547 1039 653358
1261 1195 531847
746 1222 117421
1731 1532 953702
1930 785 666996
941 192 798337
27 199 256688
935 1061 843433
406 900 247504
282 1546 43753
1598 1848 859820
94 168 629950
1430 2 746281
1073 833 463744
488 980 143133
15 1883 259503
1293 661 700509
851 1466 407731
526 1806 308912
670 504 935255
1534 32 5299
1689 1158 986769
1493 1253 36075
255 29 978571
1812 902 331873
1238 1867 423674
1774 1022 398793
1947 1420 84532
207 1154 544528
1144 664 569165
1690 789 710711
1082 1932 412601
846 21 2831
142 1275 850170
999 766 512925
264 381 920469
1920 1095 142478
743 690 952410
1768 1884 106591
1442 1822 449426
1514 980 56387
1096 713 727886
1506 1060 954912
1114 273 411787
1178 1575 769095
245 1469 594834
664 11 401937
893 644 825756
1589 1423 947917
947 1778 338176
1511 1426 860673
285 232 295762
1133 598 104586
66 1879 127007
1416 319 528210
1363 536 505943
918 880 610806
1296 33 586149
54 1474 75381
63 388 373574
528 1169 321450
1501 1311 599036
1201 86 542746
1134 145 671108
1093 438 286869
1046 486 610663
1730 1598 143306
133 1497 781910
940 1334 651242
787 909 11356
304 109 757139
1623 1582 221679
1266 1581 518807
1771 995 680030
1258 1139 853237
894 412 507763
435 335 59187
1937 1448 870478
888 1312 482542
1837 51 105248
1652 1866 785111
960 1310 824155
83 1107 825298
1171 169 763501
1767 447 106629
124 364 647575
1252 743 917825
724 1424 649508
903 115 913747
795 721 318571
862 554 280252
716 69 360231
404 1871 177811
1275 1342 508899
1325 454 753911
350 1918 113580
1040 847 154090
695 1170 923668
851 58 3544
990 1939 725923
464 964 612512
514 1082 437160
872 1622 511537
161 233 863625
564 1084 1970
628 1979 165310
1406 371 938201
501 1730 934106
770 1393 949491
727 1024 555357
779 1726 860922
349 25 154558
305 844 471699
1086 1673 34830
1625 1666 439728
277 324 876606
1725 311 315245
1113 1249 412685
341 1506 627130
270 1212 231077
1442 442 517714
1255 1123 446912
875 906 829491
1524 842 766662
1358 1197 971046
854 189 92146
490 632 652703
822 1105 191119
1375 586 947831
855 1830 390766
1804 905 877993
1093 1313 429570
566 1513 463464
1160 191 639387
1277 1034 80210
361 1065 640242
727 394 823088
1459 1049 624950
536 1118 606103
814 1436 555049
216 382 797806
1574 402 309920
1174 513 540590
116 842 897056
1179 85 99764
1080 859 537431
103 347 689775
39 538 428157
1443 1343 690403
1463 244 10940
1519 71 732056
1692 195 502946
312 393 193141
865 1328 614697
1382 933 386820
233 656 736011
1708 669 823272
119 1784 731405
467 214 696573
1350 146 198402
1982 843 592792
1311 1517 102809
761 789 206362
213 727 633604
130 1124 569824
1945 343 207348
1326 798 182797
1877 726 709046
121 1321 920808
955 1568 633892
1203 751 755015
1724 1820 83353
1513 1667 277227
1990 293 94950
1613 178 41077
1077 993 799920
1675 193 184230
1292 811 697945
1268 1270 233973
426 1245 161819
1512 379 860022
191 1194 60587
1023 1191 881592
1303 663 55315
929 1627 927762
127 1084 202966
801 812 909426
1311 1857 265307
434 435 684049
1775 1752 558148
1461 1748 371773
31 17 870840
507 104 296745
1959 722 382958
7 982 559476
1243 1808 1414
3 836 273077
166 1670 520458
1201 46 176561
1837 211 964282
1526 549 498327
13 1875 640226
73 1937 77484
883 1231 397642
771 1599 912108
433 1706 191088
96 328 919447
565 349 261803
1390 1115 109113
921 979 259130
1388 494 111119
1818 1217 243992
1995 492 928051
1626 346 51186
444 1991 584313
701 703 136383
76 344 398555
884 464 111408
1719 1597 371014
587 1827 160007
1441 1496 5305
1385 1498 219272
467 18 894214
1137 1703 279245
199 1948 396290
1126 1898 435424
705 493 878714
1412 1311 751569
944 728 55198
382 1276 114015
1132 79 575530
987 1472 182497
1234 1395 350948
1102 650 561656
511 440 934086
174 1018 691708
1193 1242 619675
1619 1956 761332
1172 1660 712113
274 1349 186769
1180 1035 295596
1271 291 331473
652 665 728475
1715 666 323021
800 1687 90683
1783 110 169516
200 44 244339
26 244 821187
173 1417 210557
1944 378 976863
1447 1742 609415
1936 329 644470
992 1020 372710
1230 1228 441279
1606 1073 381267
1815 1733 494946
519 1305 21678
1176 385 664961
144 737 708772
1362 924 835454
417 1513 319912
1840 1141 83491
1057 1289 156389
735 468 466343
1730 187 795502
1446 895 565102
149 255 908233
1002 287 274508
1684 1107 307843
1814 997 979983
1744 248 449770
678 463 359386
794 545 409928
97 165 529482
466 1862 200346
1 1981
1 59
1 0
1 749
1 0
1 0
1 875
1 0
1 0
1 0
1 857
1 596
1 789
1 1759
1 0
1 919
1 1738
1 919
1 0
1 445
1 1282
1 0
2 11
2 1948
1 1095
1 0
1 162
1 0
2 173
1 783
1 1959
1 0
1 0
1 755
1 0
1 1843
1 0
1 0
1 622
1 1179
1 0
1 1446
1 787
1 1288
1 0
1 0
1 68
1 0
2 210
1 1854
2 1854
1 1551
1 0
1 1577
1 0
1 369
1 1391
1 0
1 0
2 1089
2 381
1 0
1 1555
1 0
1 468
1 0
1 0
1 1896
1 0
1 896
1 1582
1 467
1 862
1 0
1 226
1 848
1 0
1 1789
1 0
1 1607
1 1129
1 1937
1 1522
1 0
1 410
1 1020
1 611
1 0
1 1639
1 1109
1 201
2 162
1 0
1 0
1 1424
1 0
1 149
1 1219
1 850
1 0
1 1248
1 1995
1 1936
1 0
2 848
1 0
1 519
1 0
1 1759
1 719
1 1341
1 814
1 0
1 98
1 1520
1 0
1 0
1 745
2 116
1 0
1 0
1 1674
1 0
1 98
1 1960
2 1682
1 0
1 0
1 452
1 0
1 102
1 0
1 0
1 1303
1 243
1 0
1 0
1 986
1 780
1 146
1 728
1 0
1 1285
1 0
1 685
1 0
1 948
1 1278
1 0
1 625
1 0
1 302
2 961
1 0
1 0
1 0
1 113
1 0
1 0
2 1413
1 0
1 0
1 0
1 1240
1 1054
1 1201
1 1326
1 1082
1 0
1 496
1 0
1 710
1 710
1 0
1 0
1 1928
1 0
1 0
1 0
1 0
1 313
1 1827
1 263
1 0
1 0
2 613
1 659
2 1043
2 454
1 0
1 0
1 467
2 1890
1 34
1 0
1 1635
1 0
1 464
1 0
1 738
1 1891
1 1138
2 735
1 710
2 1551
1 0
1 1263
1 0
1 0
2 1831
2 1534
1 1266
1 0
1 665
1 0
1 829
1 0
1 11
1 1297
1 1560
1 845
1 1503
1 644
1 0
2 1705
1 0
2 199
1 322
1 0
1 0
1 0
1 1933
1 0
1 0
1 1612
1 1847
1 1922
1 0
1 0
1 0
1 120
1 0
2 1582
1 1101
1 179
1 444
1 0
1 796
2 1839
1 0
1 0
1 0
1 0
1 1523
1 0
1 0
2 616
1 0
1 0
1 0
1 954
2 814
1 0
1 228
1 0
2 365
1 655
1 1775
1 525
1 1212
2 173
1 1899
1 0
1 830
1 0
1 1906
2 749
1 1075
1 1887
1 0
1 561
1 0
1 0
1 500
1 1938
1 0
1 0
1 0
1 0
1 0
1 0
1 0
1 0
1 0
1 1373
1 0
1 637
1 0
1 717
2 1386
1 1826
1 326
1 1741
1 711
1 0
1 1022
1 371
1 381
1 1180
1 976
1 674
2 1303
2 423
1 306
1 1323
1 772
1 1099
1 0
1 1559
1 369
2 214
1 0
1 0
1 0
1 0
1 1915
1 577
1 0
1 1947
1 1991
1 1758
1 70
1 0
2 493
1 0
1 372
1 0
1 0
2 25
1 0
2 323
2 1436
1 0
1 259
1 833
1 1722
1 253
2 993
1 408
1 0
1 0
2 896
1 744
1 586
1 1386
1 317
1 838
1 1774
2 17
1 1014
1 0
1 0
1 1713
1 0
1 919
1 0
1 482
1 1553
1 0
1 1583
1 0
1 0
1 0
1 0
1 0
1 0
1 0
2 435
1 0
1 442
1 883
2 1358
1 162
1 0
1 1778
1 675
1 0
1 459
2 697
1 0
1 0
1 216
1 1500
1 0
1 0
1 0
1 0
1 1739
1 113
1 516
1 270
1 0
1 0
1 1161
1 654
1 0
2 949
1 1773
1 457
1 1464
1 0
2 242
1 306
1 1400
1 0
2 25
2 1847
1 0
1 0
1 1637
1 23
1 0
1 152
1 0
2 872
1 805
1 687
1 0
1 1692
1 0
1 0
1 737
1 196
1 844
1 478
1 1391
1 0
1 0
1 0
1 0
1 0
1 0
1 0
1 0
2 1518
1 0
1 707
1 259
1 1148
1 0
1 220
1 566
1 0
1 0
1 405
1 324
1 0
1 1012
1 0
1 0
1 0
1 0
1 0
1 1803
1 0
1 0
2 1551
1 1582
1 0
1 223
1 325
1 1624
1 0
1 0
1 1955
1 0
1 1298
1 1368
1 0
1 0
1 0
1 857
1 0
1 0
1 0
1 684
1 1264
1 0
1 792
2 738
1 1118
1 425
1 28
2 446
1 0
1 286
1 605
1 0
1 596
2 223
1 419
1 43
1 101
1 1067
1 0
2 1854
1 1220
1 0
1 1537
1 0
2 171
2 1803
1 0
1 787
1 750
1 861
1 1974
1 793
1 556
1 957
1 1983
1 0
1 664
1 0
1 0
2 236
1 316
1 1419
1 434
1 0
1 0
1 619
1 0
1 0
1 534
1 0
1 0
1 0
1 655
1 0
2 1948
1 356
1 656
1 0
1 686
1 0
1 586
2 1944
1 0
1 306
1 0
1 1751
1 1633
1 1797
1 714
1 1093
1 1929
1 1636
1 1930
1 1148
1 300
1 0
1 0
1 1842
1 469
1 0
1 924
1 0
1 1335
1 1034
1 56
1 0
1 0
1 0
1 253
1 0
1 0
1 1007
1 0
1 0
1 0
1 476
1 701
1 0
1 0
1 1402
1 1004
1 590
1 351
1 1435
1 430
1 0
1 0
1 0
1 736
1 1134
1 1861
1 0
1 0
1 5
2 1245
1 0
1 0
2 381
2 1404
1 0
1 0
1 0
1 0
1 1502
1 952
1 0
1 951
1 0
1 1273
1 0
1 0
1 0
1 1521
1 0
2 78
1 173
1 226
1 0
1 457
1 1231
1 0
1 0
1 0
1 0
1 0
1 0
1 0
1 0
2 788
1 520
1 813
1 818
1 0
1 0
1 0
1 0
1 0
2 1983
1 0
1 1834
1 37
1 1088
1 0
1 0
1 1342
1 310
1 1693
1 0
1 769
1 160
1 1930
1 0
1 873
1 502
1 1985
1 0
1 1338
1 647
1 30
1 1225
1 0
1 935
2 351
1 1064
1 1555
1 1262
1 1215
1 280
1 534
1 1517
1 0
1 806
1 0
1 673
2 1342
1 0
1 0
1 800
2 950
1 0
1 1478
1 1961
1 719
1 0
1 0
1 0
1 0
1 0
1 0
1 1388
1 888
1 0
1 819
1 1873
1 1875
1 0
1 0
1 134
1 1239
1 1299
2 284
1 1787
1 691
1 0
2 737
2 243
1 1709
2 409
1 0
1 1943
1 0
1 1463
1 0
1 267
2 1492
1 670
1 1230
1 215
1 0
1 1552
1 1107
1 621
1 54
1 0
1 253
1 813
1 0
1 1798
1 1729
1 508
1 0
1 1682
2 1414
1 0
2 419
1 0
1 0
1 0
1 0
1 0
1 0
1 1894
1 0
1 1856
1 587
2 631
1 428
1 0
1 1916
1 1634
1 0
1 531
1 1815
2 1516
1 0
1 0
1 0
1 54
2 888
1 968
1 0
1 0
1 0
1 0
1 0
1 1824
1 0
1 412
1 0
1 434
2 1363
2 1531
1 936
1 0
1 0
1 0
1 0
1 0
1 0
1 1111
1 609
1 0
1 0
1 0
1 580
1 0
1 1424
1 971
1 1075
1 447
1 0
2 845
1 0
1 1160
1 631
1 789
1 245
1 0
1 0
1 1402
1 340
1 0
1 0
1 0
1 0
1 14
1 0
1 1424
1 932
1 40
1 0
1 1958
1 0
1 929
1 1400
1 1576
1 1384
1 0
1 1205
1 1917
1 0
1 0
1 1865
1 0
1 0
1 0
1 1657
1 0
2 1283
1 1209
1 0
1 404
1 0
1 0
1 359
1 0
1 0
1 0
1 1502
1 0
1 0
1 1042
1 1165
2 719
1 0
1 0
2 276
1 1054
1 166
1 111
1 0
1 220
1 0
1 0
1 0
1 0
1 1544
1 0
1 0
1 1802
1 775
1 0
1 431
2 155
1 492
1 914
1 0
1 309
1 1893
1 1705
2 1351
1 549
1 65
1 908
2 1215
1 1313
1 1960
1 0
1 1855
1 0
2 1559
1 0
1 0
1 0
1 1487
1 0
2 170
1 0
1 1626
1 0
1 0
1 1163
1 0
1 923
1 0
2 160
1 0
1 1910
1 1592
1 0
2 1725
1 361
1 488
2 413
1 0
1 0
1 1190
1 1829
1 0
1 1055
1 1012
1 254
2 1541
1 1674
2 449
2 403
1 730
1 0
2 1875
1 0
1 0
1 0
1 0
1 1199
1 1736
1 0
1 748
1 0
1 0
1 0
1 0
1 0
1 1398
1 0
1 1117
1 845
1 1758
1 1116
1 0
1 0
1 1641
1 0
1 135
1 1024
1 0
1 55
1 1379
1 0
2 142
1 0
1 0
1 0
1 1275
1 376
1 0
1 0
1 0
1 0
2 103
1 0
1 1466
1 1216
1 0
1 0
2 927
1 0
1 0
1 1144
1 334
1 0
1 217
1 0
1 0
1 0
1 0
1 0
1 0
1 931
2 1032
1 0
2 659
2 884
1 766
1 54
1 1076
2 1606
2 1989
1 194
1 0
1 0
1 0
1 64
1 0
2 130
1 764
1 0
1 1592
1 0
1 1325
1 0
1 0
1 987
1 0
1 552
1 1207
1 0
2 1103
1 0
1 1410
2 1008
1 0
1 651
1 786
1 1505
2 333
1 585
1 1438
1 1906
1 0
1 652
1 293
1 1857
1 417
1 0
1 173
1 0
1 0
1 0
1 0
1 0
1 0
1 0
1 0
1 0
1 1398
1 764
1 1621
1 0
1 0
2 1985
1 840
1 0
1 0
1 259
1 1981
1 33
1 0
1 743
2 337
1 604
1 219
2 583
1 1933
1 0
2 56
1 1843
2 1148
1 0
1 0
1 1252
1 0
1 0
1 171
1 0
2 1624
1 0
2 1325
1 0
1 0
1 0
1 808
2 1815
1 136
1 1733
1 0
1 251
1 192
1 852
1 0
1 1354
1 0
1 0
1 0
1 0
1 819
1 0
1 319
1 0
1 0
2 1437
2 1399
1 728
1 407
1 203
1 1020
2 1721
1 0
1 1439
1 0
1 0
1 1345
1 0
1 0
1 851
1 0
1 0
1 866
1 1547
1 0
1 521
1 0
1 1922
1 0
1 606
1 203
1 423
2 986
1 1685
1 0
1 0
1 243
1 232
1 1652
1 935
1 1564
1 0
1 0
1 1804
1 1222
1 1061
1 0
1 1844
1 1449
1 0
2 349
1 703
2 1578
1 1141
1 0
1 0
1 0
1 0
1 1265
1 1269
1 0
1 0
1 0
1 0
1 781
1 0
1 0
1 1190
2 666
1 156
1 0
1 1212
1 505
1 0
1 0
1 1099
1 527
1 1304
1 0
1 630
1 592
1 0
1 0
1 0
1 741
1 1853
1 538
1 185
1 0
1 104
1 689
1 269
1 0
1 0
1 178
1 0
1 0
2 761
1 0
1 0
2 228
1 0
2 532
1 1726
1 0
1 1146
2 904
1 1144
1 826
1 1808
1 1659
1 0
1 1651
1 0
1 1044
2 640
2 886
1 1409
2 344
1 1049
1 638
1 848
1 1567
2 1002
1 1105
1 1772
2 940
1 1924
1 0
1 1543
1 0
1 0
1 1559
1 1657
1 1177
1 0
1 0
1 0
1 58
1 956
2 1364
1 0
1 0
1 760
1 494
1 731
1 688
1 51
2 936
1 1465
1 814
1 0
1 0
1 1839
1 0
1 984
1 1351
2 1024
1 1249
2 340
1 0
1 0
1 1491
1 0
2 1078
2 914
1 0
1 0
1 0
1 1997
2 818
1 0
1 0
1 1534
1 1562
1 0
1 0
1 0
1 0
1 1728
1 1216
1 1422
1 1845
2 15
1 0
1 0
1 1667
1 1236
1 9
1 0
1 1141
1 1963
1 1843
1 0
1 1215
1 207
1 0
1 760
1 143
1 1508
1 0
1 785
1 0
1 618
1 0
1 0
1 0
1 1370
1 0
1 0
1 998
1 0
1 0
1 1827
2 132
1 1358
1 0
1 314
1 0
1 733
1 0
1 0
1 1068
2 1138
1 1503
1 955
1 0
1 0
1 769
1 0
1 0
1 0
2 685
1 1261
1 13
1 737
1 1938
1 664
1 0
1 1438
1 858
1 0
1 0
1 0
2 494
1 1836
1 0
1 173
1 0
1 0
1 176
1 776
1 1360
1 672
1 0
1 921
1 0
1 228
1 1549
1 1445
1 0
1 1223
1 0
2 1880
1 0
1 0
1 0
1 749
1 739
1 1723
1 0
1 0
1 324
1 1862
1 0
2 1197
1 93
1 1806
1 1138
1 599
1 1296
1 164
1 0
1 0
1 1557
1 0
2 11
1 586
1 1631
1 0
1 0
1 975
1 1472
1 582
1 0
1 321
1 1565
2 39
1 0
1 1997
1 0
2 97
1 0
1 551
1 0
1 921
1 1979
1 0
1 0
1 0
1 0
1 936
1 1643
1 1864
1 0
1 1392
1 0
1 1060
1 0
1 0
1 1370
1 1865
2 75
1 0
1 0
2 51
1 516
1 0
1 1522
2 655
1 0
1 633
1 0
1 1537
1 0
1 0
1 0
1 989
1 1431
1 0
1 502
1 1252
1 0
1 0
1 1640
1 0
1 0
1 0
1 0
2 1372
1 0
1 0
2 101
1 380
1 244
1 0
1 1606
1 0
1 346
1 0
1 0
1 1633
1 0
1 0
1 0
2 346
1 0
1 0
1 1261
1 0
2 1208
2 247
1 650
1 0
1 0
1 1915
1 507
2 1536
1 24
1 391
1 0
1 316
1 0
2 972
1 423
2 896
1 1162
1 0
2 488
1 940
1 35
1 579
2 1786
1 0
1 671
1 0
1 221
2 549
1 135
2 1925
1 0
1 0
1 0
1 0
1 495
1 0
1 0
1 0
1 0
1 0
2 396
1 0
1 99
1 1214
1 727
1 0
2 1799
1 1725
1 1864
1 1824
1 1295
2 873
1 0
1 0
1 559
1 0
1 226
1 0
1 0
1 473
1 1936
1 1040
1 0
2 627
1 0
1 956
2 1100
1 1652
1 1153
1 0
1 0
1 0
1 1234
1 191
1 444
1 60
1 0
1 1390
1 0
1 1388
1 877
1 0
1 1515
1 0
2 957
1 138
1 0
1 0
1 1587
1 54
2 481
1 472
1 0
1 1904
1 1779
1 0
1 1086
1 364
1 0
2 698
1 1122
1 0
1 346
2 426
1 506
1 853
1 0
1 640
1 0
1 361
2 959
2 828
1 96
1 0
1 0
1 1381
1 898
1 0
1 1657
1 795
1 0
1 1260
1 170
1 0
1 982
1 0
1 0
2 1029
1 0
1 0
1 1883
1 1388
1 0
1 0
1 0
2 1611
1 0
1 0
2 1245
1 797
1 0
2 1077
2 1469
1 833
1 105
1 0
1 1804
1 0
1 1146
1 574
1 0
1 0
1 0
1 0
1 903
1 224
1 0
1 0
1 1452
1 1725
1 0
1 438
1 280
1 1113
1 1875
1 881
1 6
1 311
1 262
1 430
1 0
1 484
1 0
1 1676
1 0
1 0
1 0
1 0
2 1996
1 1048
1 0
1 0
1 715
1 1252
1 0
1 1675
1 0
1 1518
1 1331
1 0
2 1930
2 1762
1 0
1 0
1 1357
1 0
1 1697
1 0
1 731
2 1549
1 762
1 0
1 1961
1 0
1 0
2 1211
1 0
1 0
1 0
1 0
1 1503
1 1323
1 0
1 0
1 213
1 254
1 0
1 640
1 0
1 0
1 704
1 0
1 810
1 1394
1 1477
1 0
1 0
1 556
1 1655
1 0
1 0
1 0
1 0
1 0
1 0
1 0
2 1676
1 1816
1 1954
1 1033
1 0
1 1954
1 0
1 0
1 1564
2 1448
1 0
1 0
2 1194
1 1443
2 244
1 1363
2 1472
2 560
2 703
1 0
1 0
1 0
1 0
2 638
1 1961
1 1587
1 0
1 0
1 1207
1 408
1 0
1 0
1 0
1 0
2 1022
1 1887
1 1462
1 222
1 0
1 0
1 1525
1 0
1 0
2 1964
1 1683
1 227
1 0
1 0
1 0
1 0
1 0
1 0
1 0
1 576
1 0
2 956
1 0
1 796
1 67
1 500
1 893
1 341
1 1072
1 0
1 491
1 0
1 0
1 0
1 0
1 0
1 783
1 733
2 878
1 0
1 0
1 1511
1 0
1 897
1 0
1 432
1 0
2 619
1 0
1 0
1 0
1 1922
1 0
1 1679
1 0
1 812
1 0
1 1700
1 0
1 298
1 0
1 0
1 315
1 0
1 1920
1 0
1 757
1 650
1 1388
1 101
1 0
1 0
1 669
1 0
1 571
1 0
2 1251
1 1529
1 0
1 1577
1 1093
1 263
1 984
1 878
1 555
1 0
1 0
1 1765
1 0
1 0
1 1176
1 1642
1 223
1 408
1 0
1 233
1 1657
1 991
2 183
1 0
1 427
1 0
1 0
1 942
1 0
1 0
2 204
1 818
1 547
1 79
1 0
1 943
1 0
1 0
1 0
2 988
1 0
1 1066
1 0
1 1754
2 1691
1 0
1 1846
1 0
2 566
1 0
2 1849
1 0
1 0
1 1130
1 0
1 0
1 959
2 1958
1 479
1 1528
1 644
1 0
1 1895
1 242
1 0
1 0
1 0
1 0
1 0
1 0
1 0
1 0
1 0
1 0
1 0
1 1232
1 0
1 0
1 1052
1 0
1 0
1 776
1 122
1 0
1 0
1 1021
1 0
1 0
1 1254
1 707
1 0
1 1230
1 0
1 1215
1 0
1 623
1 1351
1 0
2 1800
1 604
1 0
1 1098
1 526
1 311
1 989
1 1294
1 172
2 518
1 207
1 0
1 1748
1 0
1 1741
1 0
1 0
1 1721
1 0
1 0
1 0
1 804
1 1530
1 1828
1 953
1 229
1 1041
1 0
1 0
1 8
1 748
1 1472
1 0
2 745
1 1272
1 0
2 1496
1 1321
1 0
2 1186
2 1697
1 0
1 0
2 1553
1 1596
1 1954
1 0
1 751
1 0
1 1989
1 1960
1 1805
2 681
1 22
1 461
1 0
1 1041
1 1436
1 1107
1 0
1 1476
2 1093
1 0
2 1141
2 1915
1 0
1 377
1 1378
1 0
1 0
1 0
1 0
1 0
1 1265
2 1403
1 1851
1 0
1 1168
2 1061
1 68
1 0
2 430
1 0
1 0
1 0
1 0
1 0
2 129
2 1377
1 22
1 0
1 162
1 0
1 0
1 1505
1 97
